101010101010101010101010
101110100010100010110001
110001010101011111111000
111111101111111001100001
110110010100000110100010
110000001011001010001011
100111110100100100000110
110010101010111001110011
100110010010011011100000
100000100000011100100111
111001010110011011111010
101010101001100011110101
100110110000101100001010
100100110010011000101011
111100011101110111000110
101011111001001111011101
111110001000011011111000
101110011100101110010111
110001100110100000111110
111100111000000001000001
101000000110101110111100
111000110011000001100101
110011100101011001000010
111111111111111111111111